package App;

import DrawGraph.Drawer;

/*
import AG.Configuracao;
import AlgoritmoGenetico.AlgoritmoGenetico;
import Model.Mapa;

public class PCVAG {

    public static void main(String[] args) {

        // definicoes iniciais
        boolean mostrarEvolucao = true;
        float taxaMortalidade = (float) 0.5;
        int numeroEvolucoes = 3000;

        // matriz de adjacencia
        int[][] mapaCidades =   {{0, 42, 61, 30, 17, 82, 31, 11},
                                {42,  0, 14, 87, 28, 70, 19, 33},
                                {61, 14,  0, 20, 81, 21,  8, 29},
                                {30, 87, 20,  0, 34, 33, 91, 10},
                                {17, 28, 81, 34,  0, 41, 34, 82},
                                {82, 70, 21, 33, 41,  0, 19, 32},
                                {31, 19,  8, 91, 34, 19,  0, 59},
                                {11, 33, 29, 10, 82, 32, 59,  0}};
        
        Mapa mapa = new Mapa(mapaCidades);
        
        int numeroPopulacoes = 10;
        int numeroCidades = mapa.getMapa().length;
        
        Configuracao configuracoes = new Configuracao(mostrarEvolucao, taxaMortalidade, numeroEvolucoes, numeroCidades, numeroPopulacoes);

        
        AlgoritmoGenetico ag = new AlgoritmoGenetico(mapa, configuracoes);

        ag.executar();

    }
}
*/

class PCVAG {
    //Here is some example syntax for the GraphDraw class
    
}
